%YAML:1.0
---
K1: !!opencv-matrix
   rows: 3
   cols: 3
   dt: d
   data: [ 1.1979317325590257e+03, 0., 1.0013367907932070e+03, 0.,
       1.1964248804687504e+03, 7.7570747435916758e+02, 0., 0., 1. ]
D1: !!opencv-matrix
   rows: 1
   cols: 5
   dt: d
   data: [ -9.3277366817968110e-02, 9.0227117308615323e-02,
       1.3731944067915975e-03, -2.6950252581841092e-04,
       -1.1276592181033412e-02 ]
K2: !!opencv-matrix
   rows: 3
   cols: 3
   dt: d
   data: [ 1.2030567062950474e+03, 0., 1.0299494377391586e+03, 0.,
       1.2020864207044103e+03, 7.6621576519029861e+02, 0., 0., 1. ]
D2: !!opencv-matrix
   rows: 1
   cols: 5
   dt: d
   data: [ -9.4148811167140994e-02, 9.4648137061469448e-02,
       2.4497184996626399e-03, -1.0105394635706477e-04,
       -1.0699945144615202e-02 ]
R: !!opencv-matrix
   rows: 3
   cols: 3
   dt: d
   data: [ 9.9984643888312008e-01, -2.1234060490272081e-04,
       1.7522943936759388e-02, 3.8799065880228893e-04,
       9.9994971111304842e-01, -1.0021212909605571e-02,
       -1.7519934817001610e-02, 1.0026472779520857e-02,
       9.9979624010475732e-01 ]
T: !!opencv-matrix
   rows: 3
   cols: 1
   dt: d
   data: [ -4.9538562577549669e+02, -2.6748043101510577e-01,
       4.4656208393240950e+00 ]
E: !!opencv-matrix
   rows: 3
   cols: 3
   dt: d
   data: [ 2.9536205447975622e-03, -4.4680781534831651e+00,
       -2.2267499202606439e-01, -4.2141887792658084e+00,
       4.9660222595736352e+00, 4.9536293687589426e+02,
       7.5234361115556425e-02, -4.9536077018072115e+02,
       4.9690518728513000e+00 ]
F: !!opencv-matrix
   rows: 3
   cols: 3
   dt: d
   data: [ 8.4521325281755845e-10, -1.2799136143132434e-06,
       9.0940906496060994e-04, -1.2071851490922536e-06,
       1.4240225261639475e-06, 1.7047872913938417e-01,
       9.5568065964652445e-04, -1.7014771272703552e-01, 1. ]
R1: !!opencv-matrix
   rows: 3
   cols: 3
   dt: d
   data: [ 9.9996380719634492e-01, 2.3718346559601497e-04,
       8.5045894312790055e-03, -1.9453968960900797e-04,
       9.9998740746909409e-01, -5.0146841923709240e-03,
       -8.5056717371493635e-03, 5.0128482167023456e-03,
       9.9995126126279565e-01 ]
R2: !!opencv-matrix
   rows: 3
   cols: 3
   dt: d
   data: [ 9.9995922671740134e-01, 5.3992185283634154e-04,
       -9.0140660708465450e-03, -4.9471977683748639e-04,
       9.9998729695379085e-01, 5.0160924426855694e-03,
       9.0166598626743675e-03, -5.0114284833758932e-03,
       9.9994679129915531e-01 ]
P1: !!opencv-matrix
   rows: 3
   cols: 4
   dt: d
   data: [ 1.1992556505865805e+03, 0., 9.8470756530761719e+02, 0., 0.,
       1.1992556505865805e+03, 7.7493472290039062e+02, 0., 0., 0., 1.,
       0. ]
P2: !!opencv-matrix
   rows: 3
   cols: 4
   dt: d
   data: [ 1.1992556505865805e+03, 0., 1.0476866607666016e+03,
       -5.9411823508132971e+05, 0., 1.1992556505865805e+03,
       7.7493472290039062e+02, 0., 0., 0., 1., 0. ]
Q: !!opencv-matrix
   rows: 4
   cols: 4
   dt: d
   data: [ 1., 0., 0., -9.8470756530761719e+02, 0., 1., 0.,
       -7.7493472290039062e+02, 0., 0., 0., 1.1992556505865805e+03, 0.,
       0., 2.0185471170101566e-03, 1.2712627157064035e-01 ]
