%YAML:1.0
---
K1: !!opencv-matrix
   rows: 3
   cols: 3
   dt: d
   data: [ 1.8019272106229043e+03, 0., 1.0147315383836959e+03, 0.,
       1.8004645266867349e+03, 7.5597151164616434e+02, 0., 0., 1. ]
D1: !!opencv-matrix
   rows: 1
   cols: 5
   dt: d
   data: [ -1.3119230098169488e-01, 9.1329954362277616e-02,
       -1.3612752872624691e-03, 7.8415640338919232e-04,
       -1.8662647933248181e-02 ]
K2: !!opencv-matrix
   rows: 3
   cols: 3
   dt: d
   data: [ 1.7964880943142723e+03, 0., 1.0302637573853597e+03, 0.,
       1.7950416646075980e+03, 7.4527728990468006e+02, 0., 0., 1. ]
D2: !!opencv-matrix
   rows: 1
   cols: 5
   dt: d
   data: [ -1.3304303345377994e-01, 8.2220198342286985e-02,
       2.2004392287817368e-04, -1.1421357774216540e-03,
       -1.6927263472965262e-02 ]
R: !!opencv-matrix
   rows: 3
   cols: 3
   dt: d
   data: [ 9.9995226509535318e-01, 1.6792412572669505e-03,
       9.6253664591174140e-03, -1.5499763374415033e-03,
       9.9990872798564168e-01, -1.3421373681161610e-02,
       -9.6470256569463619e-03, 1.3405813922917870e-02,
       9.9986360022206944e-01 ]
T: !!opencv-matrix
   rows: 3
   cols: 1
   dt: d
   data: [ -5.0111766163393639e+02, 8.0908556622880801e-01,
       5.1720442211492452e+00 ]
E: !!opencv-matrix
   rows: 3
   cols: 3
   dt: d
   data: [ 2.1127694290811339e-04, -5.1607257077062485e+00,
       8.7839114532478402e-01, 3.3750239517996938e-01,
       6.7265752353928336e+00, 5.0109909211714375e+02,
       -3.2326426799833663e-02, -5.0107328226539198e+02,
       6.7178996499472285e+00 ]
F: !!opencv-matrix
   rows: 3
   cols: 3
   dt: d
   data: [ 1.0435005825197218e-11, -2.5509539158226041e-07,
       2.6952679165152886e-04, 1.6682790470693559e-08,
       3.3276457333827917e-07, 4.4298451141768516e-02,
       -1.5405808655708895e-05, -4.4551941833463352e-02, 1. ]
R1: !!opencv-matrix
   rows: 3
   cols: 3
   dt: d
   data: [ 9.9999977114352212e-01, -7.3531072451135340e-05,
       -6.7253705096429958e-04, 6.9018599718066273e-05,
       9.9997750416033027e-01, -6.7071908955618495e-03,
       6.7301510861832343e-04, 6.7071429430122552e-03,
       9.9997728038401235e-01 ]
R2: !!opencv-matrix
   rows: 3
   cols: 3
   dt: d
   data: [ 9.9994543935781643e-01, -1.6144739727656568e-03,
       -1.0320454510094430e-02, 1.6836596161651834e-03,
       9.9997614693737635e-01, 6.6985704874585258e-03,
       1.0309393667939967e-02, -6.7155811416301277e-03,
       9.9992430582126046e-01 ]
P1: !!opencv-matrix
   rows: 3
   cols: 4
   dt: d
   data: [ 1.7977530956471664e+03, 0., 1.0175810546875000e+03, 0., 0.,
       1.7977530956471664e+03, 7.4821609497070312e+02, 0., 0., 0., 1.,
       0. ]
P2: !!opencv-matrix
   rows: 3
   cols: 4
   dt: d
   data: [ 1.7977530956471664e+03, 0., 1.0533083190917969e+03,
       -9.0093498307712073e+05, 0., 1.7977530956471664e+03,
       7.4821609497070312e+02, 0., 0., 0., 1., 0. ]
Q: !!opencv-matrix
   rows: 4
   cols: 4
   dt: d
   data: [ 1., 0., 0., -1.0175810546875000e+03, 0., 1., 0.,
       -7.4821609497070312e+02, 0., 0., 0., 1.7977530956471664e+03, 0.,
       0., 1.9954304466089060e-03, 7.1291271166380593e-02 ]
